中村 宏二郎
000000
000000
000000
000000
000000
000000
000000
'川崎 奈津季
000000
000000
000000
000000
000000
000000
000000
'高木 遼香
000000
000000
000000
000000
000000
000000
000000
鈴木 将雄
000000
000000
000000
000000
000000
000000
000000
小林 貴弥
000000
000000
000000
000000
000000
000000
000000
甲斐 千春
000000
000000
000000
000000
000000
000000
000000
'池上 怜菜
000000
000000
000000
000000
000000
000000
000000
細川 光輝
000000
000000
000000
000000
000000
000000
000000
三上 裕矢
000000
000000
000000
000000
000000
000000
000000
'河合 柚香里
000000
000000
000000
000000
000000
000000
000000
平野 恒一郎
000000
000000
000000
000000
000000
000000
000000
'立花 火雀
000000
000000
000000
000000
000000
000000
000000
